BEGIN
CREATE TABLE
INSERT 0 938
 rk  |        school        | div |  str  |  ofs  |  dfs  |  sos  
-----+----------------------+-----+-------+-------+-------+-------
   1 | Virginia             |   1 | 1.460 | 1.098 | 0.752 | 0.960
   2 | Miami (FL)           |   1 | 1.441 | 1.184 | 0.822 | 0.937
   3 | Wichita St.          |   1 | 1.374 | 1.105 | 0.805 | 0.944
   4 | Louisville           |   1 | 1.337 | 1.121 | 0.839 | 0.982
   5 | North Carolina       |   1 | 1.312 | 1.206 | 0.919 | 0.992
   6 | Missouri             |   1 | 1.296 | 1.104 | 0.852 | 0.867
   7 | Syracuse             |   1 | 1.296 | 1.121 | 0.865 | 0.938
   8 | Cincinnati           |   1 | 1.290 | 1.067 | 0.827 | 0.996
   9 | Notre Dame           |   1 | 1.282 | 1.150 | 0.897 | 0.957
  10 | Villanova            |   1 | 1.253 | 1.120 | 0.894 | 1.004
  11 | St. John's (NY)      |   1 | 1.249 | 1.119 | 0.896 | 0.962
  12 | Houston              |   1 | 1.247 | 1.104 | 0.885 | 0.931
  13 | ETSU                 |   1 | 1.229 | 1.174 | 0.955 | 0.965
  14 | UNI                  |   1 | 1.229 | 1.021 | 0.831 | 0.926
  15 | Duke                 |   1 | 1.227 | 1.103 | 0.899 | 0.967
  16 | Texas A&M            |   1 | 1.224 | 1.033 | 0.843 | 0.955
  17 | Xavier               |   1 | 1.223 | 1.147 | 0.938 | 1.024
  18 | Seton Hall           |   1 | 1.218 | 1.150 | 0.944 | 1.010
  19 | Kentucky             |   1 | 1.215 | 1.114 | 0.917 | 0.977
  20 | St. Mary's (CA)      |   1 | 1.212 | 1.159 | 0.956 | 0.984
  21 | Oklahoma             |   1 | 1.212 | 1.151 | 0.950 | 0.969
  22 | SMU                  |   1 | 1.206 | 1.042 | 0.864 | 0.974
  23 | UCF                  |   1 | 1.204 | 1.068 | 0.887 | 1.001
  24 | Dayton               |   1 | 1.203 | 1.150 | 0.956 | 1.018
  25 | Utah                 |   1 | 1.203 | 1.044 | 0.868 | 0.867
  26 | Florida              |   1 | 1.202 | 1.058 | 0.880 | 0.990
  27 | Wake Forest          |   1 | 1.193 | 1.189 | 0.997 | 0.993
  28 | Gonzaga              |   1 | 1.185 | 1.070 | 0.903 | 0.978
  29 | Baylor               |   1 | 1.184 | 1.006 | 0.850 | 1.007
  30 | Butler               |   1 | 1.181 | 1.050 | 0.889 | 0.994
  31 | Texas Tech           |   1 | 1.181 | 1.034 | 0.875 | 0.942
  32 | Oklahoma St.         |   1 | 1.180 | 1.244 | 1.054 | 0.955
  33 | Virginia Tech        |   1 | 1.175 | 1.135 | 0.966 | 1.008
  34 | Stanford             |   1 | 1.173 | 1.084 | 0.924 | 0.992
  35 | West Virginia        |   1 | 1.173 | 1.142 | 0.973 | 0.926
  36 | Kansas St.           |   1 | 1.157 | 1.069 | 0.924 | 0.980
  37 | UCLA                 |   1 | 1.157 | 1.228 | 1.061 | 0.982
  38 | Wisconsin            |   1 | 1.155 | 0.979 | 0.847 | 0.989
  39 | Michigan             |   1 | 1.154 | 1.047 | 0.907 | 0.989
  40 | Illinois             |   1 | 1.148 | 1.087 | 0.947 | 0.966
  41 | Utah St.             |   1 | 1.146 | 1.108 | 0.967 | 1.002
  42 | Texas                |   1 | 1.144 | 1.037 | 0.907 | 0.968
  43 | A&M-Corpus Christi   |   1 | 1.143 | 1.094 | 0.957 | 0.961
  44 | Indiana              |   1 | 1.142 | 1.173 | 1.026 | 1.024
  45 | Creighton            |   1 | 1.139 | 1.160 | 1.018 | 1.042
  46 | Penn                 |   1 | 1.138 | 0.995 | 0.874 | 0.950
  47 | Purdue               |   1 | 1.136 | 1.129 | 0.994 | 0.989
  48 | Iowa St.             |   1 | 1.134 | 1.080 | 0.953 | 0.933
  49 | TCU                  |   1 | 1.133 | 1.103 | 0.974 | 0.915
  50 | Kansas               |   1 | 1.131 | 1.137 | 1.005 | 1.076
  51 | Minnesota            |   1 | 1.131 | 1.068 | 0.945 | 0.979
  52 | Clemson              |   1 | 1.129 | 1.118 | 0.990 | 1.005
  53 | Florida St.          |   1 | 1.126 | 1.132 | 1.006 | 0.977
  54 | LSU                  |   1 | 1.125 | 1.080 | 0.960 | 0.975
  55 | Air Force            |   1 | 1.125 | 1.064 | 0.946 | 1.004
  56 | Auburn               |   1 | 1.123 | 1.071 | 0.954 | 0.972
  57 | Missouri St.         |   1 | 1.123 | 1.097 | 0.978 | 0.922
  58 | Fairfield            |   1 | 1.123 | 1.052 | 0.936 | 0.951
  59 | Indiana St.          |   1 | 1.122 | 1.069 | 0.952 | 1.036
  60 | Marquette            |   1 | 1.120 | 1.068 | 0.953 | 0.990
  61 | Georgia Tech         |   1 | 1.117 | 0.998 | 0.893 | 0.986
  62 | BYU                  |   1 | 1.116 | 1.093 | 0.979 | 0.954
  63 | Rutgers              |   1 | 1.115 | 1.020 | 0.914 | 0.951
  64 | Maryland             |   1 | 1.115 | 1.003 | 0.900 | 0.945
  65 | Alabama              |   1 | 1.114 | 1.016 | 0.913 | 1.038
  66 | Col. of Charleston   |   1 | 1.112 | 1.005 | 0.904 | 0.988
  67 | South Carolina       |   1 | 1.109 | 1.039 | 0.937 | 0.984
  68 | Oakland              |   1 | 1.109 | 1.051 | 0.947 | 1.003
  69 | Colorado             |   1 | 1.107 | 1.035 | 0.935 | 0.937
  70 | Central Mich.        |   1 | 1.106 | 1.097 | 0.992 | 0.987
  71 | Yale                 |   1 | 1.105 | 1.123 | 1.016 | 1.018
  72 | Rhode Island         |   1 | 1.105 | 1.095 | 0.992 | 0.943
  73 | Lehigh               |   1 | 1.104 | 1.086 | 0.983 | 1.067
  74 | Providence           |   1 | 1.103 | 1.025 | 0.929 | 1.003
  75 | Southern California  |   1 | 1.103 | 1.054 | 0.956 | 1.004
  76 | Lamar University     |   1 | 1.100 | 1.005 | 0.914 | 0.948
  77 | Maine                |   1 | 1.099 | 1.043 | 0.949 | 1.004
  78 | California           |   1 | 1.098 | 1.010 | 0.919 | 0.951
  79 | Ohio                 |   1 | 1.094 | 1.066 | 0.975 | 0.988
  80 | Illinois St.         |   1 | 1.094 | 0.997 | 0.911 | 1.003
  81 | Rider                |   1 | 1.092 | 1.043 | 0.955 | 0.948
  82 | Loyola Chicago       |   1 | 1.092 | 0.974 | 0.892 | 0.882
  83 | Texas St.            |   1 | 1.092 | 1.016 | 0.930 | 0.986
  84 | UNCW                 |   1 | 1.092 | 1.025 | 0.938 | 0.937
  85 | Northwestern         |   1 | 1.091 | 1.080 | 0.990 | 0.973
  86 | Louisiana Tech       |   1 | 1.090 | 1.078 | 0.989 | 0.978
  87 | Georgetown           |   1 | 1.090 | 1.104 | 1.013 | 0.998
  88 | Nebraska             |   1 | 1.090 | 0.956 | 0.877 | 0.880
  89 | Arkansas             |   1 | 1.089 | 1.112 | 1.020 | 0.976
  90 | South Ala.           |   1 | 1.087 | 1.047 | 0.964 | 0.992
  91 | Northern Ill.        |   1 | 1.085 | 0.990 | 0.912 | 1.008
  92 | Saint Joseph's       |   1 | 1.084 | 1.058 | 0.976 | 1.005
  93 | Ball St.             |   1 | 1.084 | 1.031 | 0.951 | 1.002
  94 | Portland             |   1 | 1.083 | 1.022 | 0.944 | 0.953
  95 | Charlotte            |   1 | 1.081 | 1.164 | 1.077 | 0.995
  96 | Wyoming              |   1 | 1.080 | 1.027 | 0.951 | 0.918
  97 | Memphis              |   1 | 1.080 | 1.031 | 0.954 | 0.966
  98 | Monmouth             |   1 | 1.078 | 0.993 | 0.921 | 1.008
  99 | Ohio St.             |   1 | 1.078 | 1.036 | 0.961 | 1.003
 100 | Marshall             |   1 | 1.074 | 1.084 | 1.009 | 1.005
 101 | Oregon               |   1 | 1.071 | 1.010 | 0.943 | 1.013
 102 | Arkansas St.         |   1 | 1.070 | 1.029 | 0.962 | 1.033
 103 | Rice                 |   1 | 1.069 | 1.067 | 0.998 | 0.984
 104 | North Dakota         |   1 | 1.069 | 1.024 | 0.958 | 0.802
 105 | Kent St.             |   1 | 1.068 | 1.045 | 0.978 | 0.951
 106 | Toledo               |   1 | 1.067 | 1.092 | 1.023 | 1.029
 107 | Tennessee St.        |   1 | 1.065 | 1.006 | 0.945 | 0.972
 108 | North Dakota St.     |   1 | 1.065 | 1.040 | 0.976 | 0.962
 109 | UNCG                 |   1 | 1.062 | 0.951 | 0.895 | 1.064
 110 | Arizona St.          |   1 | 1.061 | 1.094 | 1.030 | 1.012
 111 | Stetson              |   1 | 1.061 | 1.043 | 0.983 | 0.975
 112 | Iowa                 |   1 | 1.060 | 1.148 | 1.083 | 0.987
 113 | Texas Southern       |   1 | 1.059 | 1.029 | 0.971 | 0.988
 114 | NJIT                 |   1 | 1.058 | 1.090 | 1.030 | 0.955
 115 | Cal St. Fullerton    |   1 | 1.058 | 1.015 | 0.960 | 0.898
 116 | South Dakota         |   1 | 1.058 | 1.066 | 1.008 | 1.001
 117 | Georgia              |   1 | 1.056 | 0.966 | 0.915 | 1.008
 118 | Massachusetts        |   1 | 1.055 | 1.092 | 1.036 | 0.998
 119 | Youngstown St.       |   1 | 1.055 | 1.133 | 1.074 | 1.020
 120 | Elon                 |   1 | 1.053 | 1.086 | 1.031 | 0.973
 121 | Oregon St.           |   1 | 1.051 | 0.963 | 0.916 | 0.994
 122 | VCU                  |   1 | 1.051 | 1.024 | 0.975 | 0.967
 123 | New Mexico St.       |   1 | 1.050 | 0.922 | 0.878 | 0.999
 124 | Kutztown             |   2 | 1.048 | 1.017 | 0.971 | 0.859
 125 | UMKC                 |   1 | 1.046 | 1.030 | 0.985 | 1.024
 126 | UMBC                 |   1 | 1.045 | 1.070 | 1.024 | 0.936
 127 | New Mexico           |   1 | 1.041 | 1.067 | 1.025 | 0.972
 128 | Middle Tenn.         |   1 | 1.041 | 1.069 | 1.027 | 1.017
 129 | Furman               |   1 | 1.040 | 1.111 | 1.068 | 0.996
 130 | Norfolk St.          |   1 | 1.039 | 1.012 | 0.974 | 0.924
 131 | Murray St.           |   1 | 1.039 | 1.070 | 1.029 | 1.029
 132 | Omaha                |   1 | 1.037 | 1.040 | 1.003 | 1.013
 133 | St. Bonaventure      |   1 | 1.036 | 1.056 | 1.019 | 1.027
 134 | Morehead St.         |   1 | 1.034 | 1.070 | 1.035 | 1.003
 135 | Tulane               |   1 | 1.030 | 1.093 | 1.062 | 1.070
 136 | George Washington    |   1 | 1.028 | 0.953 | 0.928 | 0.967
 137 | Akron                |   1 | 1.028 | 1.039 | 1.011 | 1.003
 138 | Siena                |   1 | 1.028 | 1.103 | 1.073 | 0.992
 139 | Mississippi St.      |   1 | 1.028 | 1.043 | 1.015 | 1.017
 140 | San Francisco        |   1 | 1.026 | 1.032 | 1.006 | 0.972
 141 | Ga. Southern         |   1 | 1.026 | 1.036 | 1.009 | 1.009
 142 | Princeton            |   1 | 1.025 | 1.032 | 1.007 | 1.049
 143 | Bowling Green        |   1 | 1.025 | 1.028 | 1.003 | 1.035
 144 | Nevada               |   1 | 1.025 | 0.997 | 0.972 | 1.024
 145 | Ill.-Chicago         |   1 | 1.024 | 1.084 | 1.059 | 0.997
 146 | Fairleigh Dickinson  |   1 | 1.021 | 1.027 | 1.006 | 0.982
 147 | North Carolina St.   |   1 | 1.021 | 1.073 | 1.050 | 0.953
 148 | Winthrop             |   1 | 1.020 | 1.028 | 1.009 | 0.917
 149 | East Carolina        |   1 | 1.019 | 0.937 | 0.920 | 0.983
 150 | Harvard              |   1 | 1.017 | 1.031 | 1.014 | 1.072
 151 | UAB                  |   1 | 1.015 | 1.019 | 1.004 | 0.955
 152 | Albany (NY)          |   1 | 1.014 | 1.009 | 0.995 | 1.000
 153 | Miami (OH)           |   1 | 1.013 | 1.045 | 1.031 | 0.952
 154 | UL Lafayette         |   1 | 1.012 | 1.082 | 1.068 | 1.022
 155 | Northwest Mo. St.    |   2 | 1.012 | 1.011 | 0.999 | 0.907
 156 | West Liberty         |   2 | 1.011 | 1.131 | 1.118 | 0.868
 157 | Northeastern         |   1 | 1.010 | 1.015 | 1.006 | 0.969
 158 | Buffalo              |   1 | 1.009 | 0.943 | 0.935 | 0.934
 159 | Jacksonville         |   1 | 1.009 | 1.074 | 1.064 | 1.016
 160 | Pittsburgh           |   1 | 1.008 | 1.074 | 1.066 | 0.999
 161 | Bucknell             |   1 | 1.007 | 1.001 | 0.994 | 0.993
 162 | Southeastern La.     |   1 | 1.007 | 1.014 | 1.007 | 0.947
 163 | Ole Miss             |   1 | 1.006 | 1.087 | 1.081 | 1.010
 164 | Samford              |   1 | 1.006 | 0.953 | 0.947 | 0.972
 165 | Boston College       |   1 | 1.005 | 0.989 | 0.984 | 0.987
 166 | LIU Brooklyn         |   1 | 1.004 | 0.947 | 0.943 | 0.913
 167 | Little Rock          |   1 | 1.004 | 1.017 | 1.013 | 0.826
 168 | Nicholls St.         |   1 | 1.002 | 1.013 | 1.011 | 1.042
 169 | Wright St.           |   1 | 1.002 | 1.094 | 1.091 | 0.985
 170 | Arizona              |   1 | 1.002 | 0.999 | 0.997 | 0.969
 171 | Towson               |   1 | 1.001 | 0.987 | 0.985 | 0.945
 172 | Binghamton           |   1 | 0.996 | 0.976 | 0.980 | 1.021
 173 | UTEP                 |   1 | 0.995 | 1.048 | 1.053 | 1.002
 174 | Old Dominion         |   1 | 0.994 | 0.910 | 0.915 | 0.962
 175 | Northern Ky.         |   1 | 0.994 | 0.992 | 0.998 | 0.973
 176 | Duquesne             |   1 | 0.994 | 0.993 | 0.999 | 0.982
 177 | Wagner               |   1 | 0.992 | 0.997 | 1.004 | 0.974
 178 | UT Martin            |   1 | 0.992 | 1.043 | 1.051 | 0.982
 179 | FGCU                 |   1 | 0.991 | 1.004 | 1.013 | 1.035
 180 | Colorado St.         |   1 | 0.991 | 0.989 | 0.998 | 0.984
 181 | Abilene Christian    |   1 | 0.990 | 0.957 | 0.967 | 0.922
 182 | Cleveland St.        |   1 | 0.990 | 0.955 | 0.965 | 1.009
 183 | N.C. Central         |   1 | 0.989 | 0.964 | 0.975 | 0.992
 184 | Central Conn. St.    |   1 | 0.989 | 0.970 | 0.980 | 1.010
 185 | The Citadel          |   1 | 0.988 | 1.029 | 1.042 | 1.047
 186 | Western Mich.        |   1 | 0.988 | 0.979 | 0.991 | 1.074
 187 | Hawaii               |   1 | 0.987 | 0.972 | 0.986 | 1.001
 188 | Hillsdale            |   2 | 0.987 | 0.996 | 1.009 | 0.833
 189 | Coastal Caro.        |   1 | 0.987 | 0.969 | 0.982 | 0.996
 190 | UMass Lowell         |   1 | 0.986 | 1.070 | 1.086 | 1.026
 191 | Washington           |   1 | 0.985 | 1.078 | 1.095 | 1.044
 192 | Incarnate Word       |   1 | 0.984 | 1.073 | 1.091 | 0.997
 193 | Montana              |   1 | 0.983 | 0.984 | 1.000 | 1.039
 194 | Army West Point      |   1 | 0.983 | 1.051 | 1.069 | 0.953
 195 | VMI                  |   1 | 0.982 | 0.954 | 0.972 | 0.895
 196 | UNLV                 |   1 | 0.982 | 0.991 | 1.009 | 0.995
 197 | Sam Houston St.      |   1 | 0.980 | 1.082 | 1.105 | 0.967
 198 | Utah Valley          |   1 | 0.980 | 1.048 | 1.069 | 1.025
 199 | Drake                |   1 | 0.978 | 0.970 | 0.992 | 1.022
 200 | Colgate              |   1 | 0.976 | 0.955 | 0.979 | 1.043
 201 | Western Ky.          |   1 | 0.976 | 0.980 | 1.003 | 0.947
 202 | UT Arlington         |   1 | 0.976 | 1.059 | 1.084 | 1.025
 203 | Weber St.            |   1 | 0.976 | 0.941 | 0.964 | 1.015
 204 | Montana St.          |   1 | 0.976 | 1.000 | 1.025 | 0.996
 205 | Penn St.             |   1 | 0.975 | 1.065 | 1.092 | 0.985
 206 | Canisius             |   1 | 0.975 | 1.005 | 1.030 | 1.041
 207 | Austin Peay          |   1 | 0.973 | 1.034 | 1.063 | 1.007
 208 | Fort Wayne           |   1 | 0.973 | 1.028 | 1.057 | 0.980
 209 | UC Davis             |   1 | 0.973 | 1.015 | 1.043 | 0.963
 210 | Pepperdine           |   1 | 0.973 | 0.983 | 1.011 | 0.974
 211 | La Salle             |   1 | 0.972 | 1.067 | 1.098 | 0.976
 212 | Portland St.         |   1 | 0.972 | 1.046 | 1.076 | 1.026
 213 | Davidson             |   1 | 0.971 | 1.035 | 1.065 | 1.003
 214 | Tennessee Tech       |   1 | 0.970 | 0.995 | 1.025 | 0.983
 215 | Delaware             |   1 | 0.969 | 0.902 | 0.931 | 0.936
 216 | IUPUI                |   1 | 0.969 | 1.053 | 1.087 | 1.021
 217 | Brown                |   1 | 0.969 | 1.016 | 1.048 | 1.036
 218 | Washington St.       |   1 | 0.969 | 0.963 | 0.994 | 0.968
 219 | Pacific              |   1 | 0.967 | 1.033 | 1.068 | 1.007
 220 | Southern U.          |   1 | 0.966 | 1.010 | 1.045 | 1.026
 221 | William & Mary       |   1 | 0.965 | 0.986 | 1.022 | 0.988
 222 | Eastern Mich.        |   1 | 0.965 | 1.008 | 1.045 | 1.043
 223 | Fla. Atlantic        |   1 | 0.964 | 0.929 | 0.965 | 1.004
 224 | Boston U.            |   1 | 0.963 | 1.032 | 1.071 | 1.004
 225 | Oral Roberts         |   1 | 0.963 | 1.015 | 1.054 | 1.013
 226 | American             |   1 | 0.963 | 0.923 | 0.959 | 1.050
 227 | Loyola Maryland      |   1 | 0.962 | 0.933 | 0.970 | 0.968
 228 | UTSA                 |   1 | 0.962 | 0.987 | 1.026 | 0.997
 229 | Bryant               |   1 | 0.961 | 0.995 | 1.035 | 0.969
 230 | Lincoln Memorial     |   2 | 0.961 | 1.033 | 1.074 | 0.884
 231 | Columbia             |   1 | 0.961 | 0.983 | 1.023 | 0.993
 232 | Long Beach St.       |   1 | 0.960 | 1.007 | 1.049 | 1.073
 233 | Iona                 |   1 | 0.959 | 1.036 | 1.081 | 1.053
 234 | Chattanooga          |   1 | 0.958 | 0.967 | 1.010 | 1.034
 235 | SIUE                 |   1 | 0.955 | 0.995 | 1.042 | 1.005
 236 | Eastern Ky.          |   1 | 0.955 | 1.010 | 1.058 | 1.025
 237 | Jacksonville St.     |   1 | 0.955 | 1.004 | 1.051 | 0.998
 238 | Richmond             |   1 | 0.955 | 0.973 | 1.019 | 0.995
 239 | Denver               |   1 | 0.955 | 1.019 | 1.067 | 0.977
 240 | Southeast Mo. St.    |   1 | 0.955 | 0.979 | 1.025 | 1.002
 241 | UC Irvine            |   1 | 0.954 | 0.907 | 0.950 | 1.006
 242 | CSUN                 |   1 | 0.953 | 1.062 | 1.114 | 1.021
 243 | Detroit              |   1 | 0.953 | 1.060 | 1.112 | 1.001
 244 | Southern Miss.       |   1 | 0.952 | 0.955 | 1.004 | 1.053
 245 | Georgia St.          |   1 | 0.952 | 0.982 | 1.032 | 1.052
 246 | Evansville           |   1 | 0.952 | 0.947 | 0.995 | 1.010
 247 | Radford              |   1 | 0.951 | 0.928 | 0.976 | 1.080
 248 | DePaul               |   1 | 0.951 | 0.969 | 1.019 | 0.998
 249 | Liberty              |   1 | 0.950 | 0.913 | 0.961 | 0.952
 250 | Idaho St.            |   1 | 0.946 | 0.982 | 1.038 | 1.004
 251 | Vanderbilt           |   1 | 0.946 | 1.021 | 1.079 | 0.998
 252 | High Point           |   1 | 0.945 | 1.023 | 1.082 | 1.072
 253 | New Hampshire        |   1 | 0.944 | 0.885 | 0.937 | 0.951
 254 | FIU                  |   1 | 0.944 | 0.981 | 1.039 | 1.026
 255 | Lipscomb             |   1 | 0.943 | 1.012 | 1.073 | 0.905
 256 | Philadelphia U.      |   2 | 0.943 | 0.924 | 0.980 | 0.932
 257 | Boise St.            |   1 | 0.943 | 0.880 | 0.933 | 1.047
 258 | Saint Francis (PA)   |   1 | 0.943 | 1.057 | 1.121 | 1.007
 259 | Vermont              |   1 | 0.942 | 0.989 | 1.050 | 0.946
 260 | SFA                  |   1 | 0.941 | 0.957 | 1.017 | 1.011
 261 | Valparaiso           |   1 | 0.940 | 0.932 | 0.991 | 0.954
 262 | UMES                 |   1 | 0.939 | 0.969 | 1.032 | 1.011
 263 | Charleston So.       |   1 | 0.938 | 0.971 | 1.036 | 1.053
 264 | Navy                 |   1 | 0.937 | 0.952 | 1.016 | 0.955
 265 | Cornell              |   1 | 0.936 | 0.955 | 1.020 | 1.000
 266 | Wofford              |   1 | 0.936 | 1.001 | 1.069 | 1.053
 267 | Milwaukee            |   1 | 0.936 | 0.914 | 0.977 | 0.960
 268 | Drexel               |   1 | 0.935 | 1.005 | 1.075 | 1.041
 269 | Jackson St.          |   1 | 0.935 | 0.993 | 1.062 | 1.003
 270 | Truman               |   2 | 0.934 | 1.041 | 1.115 | 0.900
 271 | CSU Bakersfield      |   1 | 0.932 | 0.967 | 1.038 | 1.001
 272 | South Fla.           |   1 | 0.931 | 0.946 | 1.016 | 0.990
 273 | Northern Ariz.       |   1 | 0.928 | 0.982 | 1.058 | 0.992
 274 | Michigan St.         |   1 | 0.927 | 0.879 | 0.948 | 1.044
 275 | Idaho                |   1 | 0.926 | 0.888 | 0.959 | 1.036
 276 | Houston Baptist      |   1 | 0.926 | 1.047 | 1.132 | 1.046
 277 | Western Wash.        |   2 | 0.923 | 1.048 | 1.136 | 0.898
 278 | San Diego St.        |   1 | 0.921 | 0.874 | 0.950 | 0.998
 279 | La.-Monroe           |   1 | 0.921 | 0.990 | 1.075 | 1.000
 280 | Loyola Marymount     |   1 | 0.921 | 0.963 | 1.046 | 1.011
 281 | Temple               |   1 | 0.921 | 0.937 | 1.017 | 0.981
 282 | Southern Ill.        |   1 | 0.920 | 0.973 | 1.058 | 0.998
 283 | Campbell             |   1 | 0.917 | 0.950 | 1.036 | 0.953
 284 | Lafayette            |   1 | 0.916 | 0.908 | 0.992 | 1.023
 285 | Central Ark.         |   1 | 0.914 | 0.982 | 1.074 | 1.070
 286 | Lindenwood (MO)      |   2 | 0.914 | 0.960 | 1.050 | 0.908
 287 | UTRGV                |   1 | 0.913 | 1.045 | 1.145 | 1.030
 288 | Santa Clara          |   1 | 0.911 | 0.879 | 0.965 | 0.994
 289 | Indiana (PA)         |   2 | 0.910 | 1.018 | 1.119 | 0.912
 290 | Tarleton St.         |   2 | 0.910 | 0.918 | 1.008 | 0.891
 291 | Grambling            |   1 | 0.910 | 0.914 | 1.004 | 0.982
 292 | Presbyterian         |   1 | 0.910 | 0.866 | 0.951 | 1.022
 293 | West Ga.             |   2 | 0.909 | 1.028 | 1.130 | 0.886
 294 | Wheeling Jesuit      |   2 | 0.909 | 0.947 | 1.041 | 0.891
 295 | Nova Southeastern    |   2 | 0.909 | 0.972 | 1.068 | 0.923
 296 | Mercer               |   1 | 0.909 | 0.928 | 1.021 | 1.083
 297 | Florida A&M          |   1 | 0.908 | 0.995 | 1.096 | 0.969
 298 | Fresno St.           |   1 | 0.908 | 0.952 | 1.048 | 0.971
 299 | Cal Poly             |   1 | 0.908 | 0.987 | 1.087 | 1.007
 300 | Ohio Dominican       |   2 | 0.907 | 1.038 | 1.145 | 0.912
 301 | George Mason         |   1 | 0.907 | 0.932 | 1.028 | 0.917
 302 | UNC Pembroke         |   2 | 0.907 | 1.036 | 1.143 | 0.923
 303 | Prairie View         |   1 | 0.907 | 1.018 | 1.122 | 1.021
 304 | North Florida        |   1 | 0.906 | 0.966 | 1.067 | 1.110
 305 | Sacred Heart         |   1 | 0.905 | 1.004 | 1.110 | 0.996
 306 | Kennesaw St.         |   1 | 0.903 | 0.964 | 1.067 | 0.975
 307 | Ferris St.           |   2 | 0.903 | 1.004 | 1.111 | 0.894
 308 | Saint Louis          |   1 | 0.901 | 0.980 | 1.087 | 0.974
 309 | N.C. A&T             |   1 | 0.901 | 0.852 | 0.945 | 0.951
 310 | Tulsa                |   1 | 0.901 | 0.958 | 1.063 | 1.061
 311 | Winona St.           |   2 | 0.901 | 0.928 | 1.030 | 0.861
 312 | UNC Asheville        |   1 | 0.900 | 0.888 | 0.986 | 1.023
 313 | UC Riverside         |   1 | 0.900 | 0.904 | 1.005 | 1.013
 314 | Dist. Columbia       |   2 | 0.899 | 1.041 | 1.158 | 0.919
 315 | Midwestern St.       |   2 | 0.899 | 0.993 | 1.105 | 0.907
 316 | Eastern Ill.         |   1 | 0.899 | 0.944 | 1.050 | 0.945
 317 | UConn                |   1 | 0.898 | 0.875 | 0.974 | 1.000
 318 | Newberry             |   2 | 0.898 | 1.027 | 1.144 | 0.957
 319 | Niagara              |   1 | 0.897 | 0.988 | 1.101 | 0.979
 320 | Manhattan            |   1 | 0.897 | 0.991 | 1.105 | 1.006
 321 | Grand Canyon         |   1 | 0.897 | 0.979 | 1.091 | 1.040
 322 | Appalachian St.      |   1 | 0.897 | 1.030 | 1.149 | 0.968
 323 | Stony Brook          |   1 | 0.894 | 0.933 | 1.043 | 0.983
 324 | Green Bay            |   1 | 0.893 | 0.887 | 0.993 | 0.926
 325 | Augustana (SD)       |   2 | 0.893 | 0.941 | 1.053 | 0.911
 326 | Lenoir-Rhyne         |   2 | 0.893 | 0.955 | 1.069 | 0.919
 327 | Northern Colo.       |   1 | 0.893 | 0.960 | 1.075 | 0.996
 328 | Fordham              |   1 | 0.892 | 0.970 | 1.087 | 1.019
 329 | Chicago St.          |   1 | 0.892 | 0.943 | 1.058 | 0.996
 330 | San Jose St.         |   1 | 0.891 | 0.941 | 1.056 | 1.007
 331 | Shorter              |   2 | 0.891 | 0.921 | 1.033 | 0.868
 332 | North Georgia        |   2 | 0.890 | 1.093 | 1.228 | 0.936
 333 | Robert Morris        |   1 | 0.889 | 0.916 | 1.031 | 1.013
 334 | Walsh                |   2 | 0.887 | 0.976 | 1.100 | 0.833
 335 | Tennessee            |   1 | 0.887 | 1.026 | 1.156 | 0.967
 336 | Belmont              |   1 | 0.886 | 0.929 | 1.048 | 0.976
 337 | Hampton              |   1 | 0.885 | 0.868 | 0.981 | 0.986
 338 | Western Ore.         |   2 | 0.884 | 0.920 | 1.041 | 0.860
 339 | Saint Peter's        |   1 | 0.884 | 0.889 | 1.005 | 0.962
 340 | Delaware St.         |   1 | 0.883 | 0.940 | 1.065 | 0.965
 341 | Neb.-Kearney         |   2 | 0.883 | 0.962 | 1.089 | 0.897
 342 | Hartford             |   1 | 0.882 | 0.936 | 1.062 | 0.996
 343 | Colorado Mines       |   2 | 0.882 | 0.987 | 1.119 | 0.928
 344 | Western Ill.         |   1 | 0.880 | 0.927 | 1.053 | 1.022
 345 | Eastern Wash.        |   1 | 0.879 | 0.921 | 1.048 | 0.998
 346 | Dartmouth            |   1 | 0.878 | 0.923 | 1.051 | 1.048
 347 | Chaminade            |   2 | 0.878 | 0.997 | 1.136 | 0.896
 348 | Ark.-Fort Smith      |   2 | 0.877 | 0.995 | 1.135 | 0.925
 349 | Cal St. San Marcos   |   2 | 0.877 | 0.971 | 1.107 | 0.869
 350 | James Madison        |   1 | 0.876 | 0.932 | 1.064 | 1.013
 351 | Mt. St. Mary's       |   1 | 0.876 | 0.885 | 1.010 | 1.061
 352 | Hofstra              |   1 | 0.875 | 0.983 | 1.123 | 0.928
 353 | Barry                |   2 | 0.872 | 0.979 | 1.123 | 0.861
 354 | West Tex. A&M        |   2 | 0.872 | 1.041 | 1.194 | 0.909
 355 | Valdosta St.         |   2 | 0.871 | 1.019 | 1.170 | 0.885
 356 | Northern Mich.       |   2 | 0.870 | 1.049 | 1.205 | 0.903
 357 | San Fran. St.        |   2 | 0.870 | 0.989 | 1.138 | 0.874
 358 | Mercyhurst           |   2 | 0.869 | 0.925 | 1.065 | 0.848
 359 | California Baptist   |   2 | 0.869 | 1.039 | 1.196 | 0.907
 360 | Virginia Union       |   2 | 0.868 | 0.997 | 1.149 | 0.868
 361 | Saint Rose           |   2 | 0.868 | 0.937 | 1.081 | 0.872
 362 | Carson-Newman        |   2 | 0.867 | 1.034 | 1.192 | 0.887
 363 | Longwood             |   1 | 0.866 | 0.890 | 1.028 | 1.007
 364 | Regis (CO)           |   2 | 0.866 | 0.982 | 1.134 | 0.928
 365 | New Orleans          |   1 | 0.865 | 0.984 | 1.137 | 0.979
 366 | Virginia St.         |   2 | 0.865 | 0.834 | 0.964 | 0.899
 367 | Johnson C. Smith     |   2 | 0.865 | 0.912 | 1.054 | 0.892
 368 | Rollins              |   2 | 0.865 | 0.952 | 1.101 | 0.907
 369 | North Greenville     |   2 | 0.864 | 1.014 | 1.174 | 0.931
 370 | Emmanuel (GA)        |   2 | 0.861 | 0.898 | 1.043 | 0.921
 371 | St. Edward's         |   2 | 0.861 | 0.984 | 1.143 | 0.909
 372 | Charleston (WV)      |   2 | 0.861 | 0.911 | 1.057 | 0.889
 373 | Franklin Pierce      |   2 | 0.859 | 0.945 | 1.101 | 0.901
 374 | Chowan               |   2 | 0.858 | 0.924 | 1.077 | 0.948
 375 | Pfeiffer             |   2 | 0.858 | 1.009 | 1.175 | 0.884
 376 | Southern Utah        |   1 | 0.857 | 0.965 | 1.126 | 0.965
 377 | Catawba              |   2 | 0.857 | 1.015 | 1.184 | 0.924
 378 | MSU Denver           |   2 | 0.857 | 0.938 | 1.095 | 0.916
 379 | Chico St.            |   2 | 0.856 | 0.881 | 1.029 | 0.874
 380 | UC Santa Barbara     |   1 | 0.856 | 0.887 | 1.036 | 1.013
 381 | St. Mary's (TX)      |   2 | 0.856 | 0.975 | 1.140 | 0.923
 382 | Southern Ind.        |   2 | 0.856 | 0.959 | 1.119 | 0.881
 383 | Gardner-Webb         |   1 | 0.855 | 0.915 | 1.070 | 1.043
 384 | Troy                 |   1 | 0.854 | 0.872 | 1.022 | 0.980
 385 | P.R.-Rio Piedras     |   2 | 0.854 | 0.959 | 1.123 | 0.891
 386 | Howard               |   1 | 0.853 | 0.876 | 1.028 | 1.057
 387 | St. Thomas Aquinas   |   2 | 0.852 | 0.988 | 1.159 | 0.880
 388 | Lane                 |   2 | 0.851 | 0.965 | 1.134 | 0.916
 389 | Seattle Pacific      |   2 | 0.851 | 1.012 | 1.189 | 0.917
 390 | Daemen               |   2 | 0.850 | 0.871 | 1.024 | 0.891
 391 | Bloomfield           |   2 | 0.850 | 1.060 | 1.246 | 0.930
 392 | Bentley              |   2 | 0.850 | 0.919 | 1.081 | 0.899
 393 | Southwest Minn. St.  |   2 | 0.850 | 0.940 | 1.106 | 0.882
 394 | Seattle U            |   1 | 0.850 | 0.867 | 1.020 | 1.029
 395 | West Va. Wesleyan    |   2 | 0.849 | 0.816 | 0.961 | 0.887
 396 | Sonoma St.           |   2 | 0.849 | 0.840 | 0.990 | 0.884
 397 | Bowie St.            |   2 | 0.849 | 0.931 | 1.097 | 0.937
 398 | Morgan St.           |   1 | 0.849 | 0.933 | 1.099 | 1.049
 399 | Urbana               |   2 | 0.848 | 1.004 | 1.184 | 0.914
 400 | Cameron              |   2 | 0.848 | 0.874 | 1.030 | 0.862
 401 | Concord              |   2 | 0.845 | 0.947 | 1.121 | 0.871
 402 | Union (TN)           |   2 | 0.845 | 0.864 | 1.023 | 0.860
 403 | Merrimack            |   2 | 0.844 | 0.928 | 1.100 | 0.900
 404 | Pitt.-Johnstown      |   2 | 0.843 | 0.902 | 1.071 | 0.902
 405 | Washburn             |   2 | 0.842 | 0.956 | 1.134 | 0.868
 406 | Central Wash.        |   2 | 0.840 | 0.994 | 1.184 | 0.912
 407 | Stonehill            |   2 | 0.840 | 0.933 | 1.110 | 0.903
 408 | West Florida         |   2 | 0.840 | 0.912 | 1.086 | 0.885
 409 | Ky. Wesleyan         |   2 | 0.840 | 0.915 | 1.090 | 0.881
 410 | Humboldt St.         |   2 | 0.839 | 0.992 | 1.182 | 0.884
 411 | Northwestern St.     |   1 | 0.838 | 0.879 | 1.049 | 1.089
 412 | Bethune-Cookman      |   1 | 0.838 | 0.923 | 1.102 | 1.026
 413 | San Diego            |   1 | 0.837 | 0.930 | 1.111 | 0.983
 414 | Harding              |   2 | 0.836 | 0.947 | 1.133 | 0.900
 415 | Young Harris         |   2 | 0.832 | 0.948 | 1.138 | 0.869
 416 | Palm Beach Atl.      |   2 | 0.831 | 0.865 | 1.040 | 0.895
 417 | South Dakota St.     |   1 | 0.830 | 0.915 | 1.102 | 0.976
 418 | Lubbock Christian    |   2 | 0.830 | 0.960 | 1.157 | 0.943
 419 | Colo. Christian      |   2 | 0.830 | 0.987 | 1.189 | 0.932
 420 | Queens (NC)          |   2 | 0.830 | 0.972 | 1.171 | 0.883
 421 | Augusta              |   2 | 0.830 | 0.942 | 1.135 | 0.860
 422 | Missouri S&T         |   2 | 0.830 | 1.001 | 1.205 | 0.850
 423 | Savannah St.         |   1 | 0.829 | 1.027 | 1.239 | 1.041
 424 | Edinboro             |   2 | 0.828 | 0.958 | 1.157 | 0.861
 425 | Central Mo.          |   2 | 0.827 | 0.930 | 1.124 | 0.879
 426 | USC Upstate          |   1 | 0.827 | 0.930 | 1.125 | 0.943
 427 | Fairmont St.         |   2 | 0.827 | 1.065 | 1.288 | 0.895
 428 | Cal St. San B'dino   |   2 | 0.826 | 0.942 | 1.140 | 0.906
 429 | Saint Martin's       |   2 | 0.824 | 0.954 | 1.158 | 0.875
 430 | Le Moyne             |   2 | 0.824 | 0.886 | 1.075 | 0.882
 431 | North Texas          |   1 | 0.822 | 0.851 | 1.035 | 0.998
 432 | Bradley              |   1 | 0.821 | 0.839 | 1.023 | 0.937
 433 | Ark.-Pine Bluff      |   1 | 0.820 | 0.842 | 1.027 | 1.009
 434 | Delta St.            |   2 | 0.819 | 0.911 | 1.112 | 0.898
 435 | Lincoln (MO)         |   2 | 0.818 | 0.963 | 1.177 | 0.878
 436 | Western Caro.        |   1 | 0.818 | 0.851 | 1.040 | 1.080
 437 | Mo. Southern St.     |   2 | 0.818 | 0.955 | 1.168 | 0.900
 438 | MSU Moorhead         |   2 | 0.817 | 0.982 | 1.203 | 0.905
 439 | Assumption           |   2 | 0.816 | 0.894 | 1.095 | 0.907
 440 | New Jersey City      |   3 | 0.816 | 0.875 | 1.073 | 0.742
 441 | Alabama St.          |   1 | 0.815 | 0.906 | 1.111 | 1.027
 442 | Fort Lewis           |   2 | 0.814 | 0.990 | 1.216 | 0.929
 443 | Morehouse            |   2 | 0.814 | 0.902 | 1.108 | 0.912
 444 | Central Okla.        |   2 | 0.814 | 0.876 | 1.075 | 0.905
 445 | Saginaw Valley       |   2 | 0.813 | 0.911 | 1.120 | 0.899
 446 | Sacramento St.       |   1 | 0.813 | 0.918 | 1.129 | 1.042
 447 | Nyack                |   2 | 0.813 | 0.872 | 1.072 | 0.912
 448 | UC San Diego         |   2 | 0.812 | 0.874 | 1.077 | 0.889
 449 | Mont. St. Billings   |   2 | 0.812 | 0.988 | 1.217 | 0.921
 450 | Bridgeport           |   2 | 0.812 | 0.977 | 1.204 | 0.886
 451 | Wis.-Parkside        |   2 | 0.810 | 0.870 | 1.075 | 0.892
 452 | Mansfield            |   2 | 0.809 | 0.816 | 1.009 | 0.924
 453 | Tex. Permian Basin   |   2 | 0.808 | 1.011 | 1.251 | 0.891
 454 | Minn. Duluth         |   2 | 0.808 | 0.902 | 1.116 | 0.941
 455 | Findlay              |   2 | 0.807 | 0.914 | 1.132 | 0.882
 456 | Bellarmine           |   2 | 0.806 | 0.919 | 1.140 | 0.874
 457 | Capital              |   3 | 0.805 | 0.865 | 1.075 | 0.746
 458 | Davis & Elkins       |   2 | 0.805 | 0.948 | 1.178 | 0.944
 459 | Wayne St. (NE)       |   2 | 0.804 | 0.879 | 1.094 | 0.922
 460 | Saint Augustine's    |   2 | 0.803 | 0.889 | 1.107 | 0.899
 461 | Hawaii Pacific       |   2 | 0.803 | 0.914 | 1.139 | 0.896
 462 | Colorado St.-Pueblo  |   2 | 0.803 | 0.987 | 1.229 | 0.921
 463 | Embry-Riddle (FL)    |   2 | 0.803 | 0.996 | 1.240 | 0.897
 464 | Southern Ark.        |   2 | 0.802 | 0.914 | 1.140 | 0.908
 465 | Notre Dame (OH)      |   2 | 0.802 | 0.926 | 1.155 | 0.878
 466 | Millersville         |   2 | 0.802 | 0.934 | 1.165 | 0.943
 467 | Coker                |   2 | 0.800 | 0.917 | 1.146 | 0.911
 468 | Southeastern Okla.   |   2 | 0.800 | 0.873 | 1.090 | 0.884
 469 | Mississippi Val.     |   1 | 0.800 | 0.936 | 1.170 | 1.046
 470 | Okla. Panhandle      |   2 | 0.799 | 0.938 | 1.174 | 0.895
 471 | Hawaii Hilo          |   2 | 0.799 | 0.987 | 1.235 | 0.896
 472 | Dallas Baptist       |   2 | 0.797 | 0.982 | 1.232 | 0.900
 473 | Florida Tech         |   2 | 0.796 | 1.004 | 1.262 | 0.894
 474 | Eckerd               |   2 | 0.796 | 0.896 | 1.126 | 0.900
 475 | Southern N.H.        |   2 | 0.795 | 0.901 | 1.134 | 0.894
 476 | Emporia St.          |   2 | 0.795 | 0.962 | 1.209 | 0.895
 477 | New Haven            |   2 | 0.795 | 0.867 | 1.091 | 0.916
 478 | Quincy               |   2 | 0.795 | 0.987 | 1.242 | 0.896
 479 | Tex. A&M-Kingsville  |   2 | 0.795 | 0.857 | 1.078 | 0.859
 480 | William Jewell       |   2 | 0.795 | 0.896 | 1.127 | 0.843
 481 | Goldey-Beacom        |   2 | 0.794 | 0.856 | 1.078 | 0.956
 482 | Wilmington (DE)      |   2 | 0.794 | 0.906 | 1.142 | 0.869
 483 | Paine                |   2 | 0.794 | 0.912 | 1.150 | 0.874
 484 | Saint Mary's (MN)    |   3 | 0.793 | 0.878 | 1.108 | 0.753
 485 | North Ala.           |   2 | 0.792 | 0.927 | 1.169 | 0.875
 486 | West Virginia St.    |   2 | 0.792 | 0.922 | 1.164 | 0.905
 487 | Molloy               |   2 | 0.792 | 0.925 | 1.168 | 0.968
 488 | Michigan Tech        |   2 | 0.792 | 0.891 | 1.125 | 0.903
 489 | Erskine              |   2 | 0.791 | 0.939 | 1.187 | 0.911
 490 | Northwestern Okla.   |   2 | 0.791 | 0.942 | 1.191 | 0.898
 491 | Azusa Pacific        |   2 | 0.789 | 0.886 | 1.123 | 0.913
 492 | UC-Colo. Springs     |   2 | 0.789 | 0.928 | 1.177 | 0.935
 493 | UVa-Wise             |   2 | 0.789 | 0.965 | 1.223 | 0.917
 494 | Holy Names           |   2 | 0.789 | 0.931 | 1.181 | 0.933
 495 | Quinnipiac           |   1 | 0.789 | 0.925 | 1.172 | 0.974
 496 | Tex. A&M Int'l       |   2 | 0.788 | 0.818 | 1.038 | 0.883
 497 | Tex. A&M-Commerce    |   2 | 0.786 | 0.977 | 1.244 | 0.862
 498 | Delaware Valley      |   3 | 0.786 | 0.842 | 1.071 | 0.753
 499 | Cal St. Dom. Hills   |   2 | 0.786 | 0.907 | 1.154 | 0.921
 500 | Coppin St.           |   1 | 0.785 | 0.887 | 1.131 | 0.989
 501 | Alcorn               |   1 | 0.784 | 0.839 | 1.070 | 1.009
 502 | Southern Conn. St.   |   2 | 0.783 | 1.006 | 1.285 | 0.890
 503 | East Stroudsburg     |   2 | 0.783 | 0.916 | 1.169 | 0.891
 504 | Christian Bros.      |   2 | 0.783 | 0.895 | 1.143 | 0.867
 505 | Winston-Salem        |   2 | 0.782 | 0.911 | 1.164 | 0.915
 506 | Rogers St.           |   2 | 0.781 | 0.875 | 1.120 | 0.916
 507 | Clark Atlanta        |   2 | 0.781 | 0.869 | 1.113 | 0.922
 508 | Marist               |   1 | 0.780 | 0.899 | 1.152 | 1.036
 509 | St. Francis Brooklyn |   1 | 0.779 | 0.798 | 1.025 | 1.091
 510 | South Carolina St.   |   1 | 0.779 | 0.827 | 1.062 | 1.148
 511 | West Chester         |   2 | 0.779 | 1.022 | 1.312 | 0.955
 512 | Ashland              |   2 | 0.778 | 0.856 | 1.101 | 0.904
 513 | Alas. Anchorage      |   2 | 0.777 | 0.932 | 1.199 | 0.927
 514 | Ga. Southwestern     |   2 | 0.776 | 0.813 | 1.047 | 0.872
 515 | Wis.-Platteville     |   3 | 0.776 | 0.815 | 1.051 | 0.756
 516 | Caldwell             |   2 | 0.775 | 0.900 | 1.162 | 0.892
 517 | Alas. Fairbanks      |   2 | 0.775 | 0.878 | 1.132 | 0.903
 518 | Point Loma           |   2 | 0.775 | 0.885 | 1.142 | 0.927
 519 | Mercy                |   2 | 0.774 | 0.884 | 1.142 | 0.895
 520 | Western N.M.         |   2 | 0.774 | 0.922 | 1.192 | 0.907
 521 | Wayne St. (MI)       |   2 | 0.774 | 0.849 | 1.097 | 0.881
 522 | St. Anselm           |   2 | 0.772 | 0.888 | 1.150 | 0.905
 523 | Limestone            |   2 | 0.772 | 0.905 | 1.172 | 0.881
 524 | Lewis                |   2 | 0.772 | 0.905 | 1.172 | 0.920
 525 | Rockhurst            |   2 | 0.772 | 0.935 | 1.210 | 0.885
 526 | Ala.-Huntsville      |   2 | 0.771 | 0.954 | 1.236 | 0.875
 527 | Georgia College      |   2 | 0.771 | 0.835 | 1.083 | 0.929
 528 | Medgar Evers         |   3 | 0.771 | 0.905 | 1.173 | 0.765
 529 | St. Joseph's (IN)    |   2 | 0.770 | 0.956 | 1.241 | 0.874
 530 | Concordia-St. Paul   |   2 | 0.767 | 0.858 | 1.119 | 0.888
 531 | Clayton St.          |   2 | 0.766 | 0.915 | 1.195 | 0.887
 532 | Cedarville           |   2 | 0.765 | 0.887 | 1.160 | 0.904
 533 | Bloomsburg           |   2 | 0.765 | 0.923 | 1.206 | 0.874
 534 | Holy Cross           |   1 | 0.764 | 0.824 | 1.079 | 1.082
 535 | Fla. Southern        |   2 | 0.764 | 0.924 | 1.208 | 0.894
 536 | Concordia (CA)       |   2 | 0.761 | 0.850 | 1.117 | 0.909
 537 | King (TN)            |   2 | 0.761 | 0.910 | 1.195 | 0.929
 538 | McNeese              |   1 | 0.760 | 0.916 | 1.205 | 0.987
 539 | Adelphi              |   2 | 0.760 | 0.890 | 1.171 | 0.873
 540 | Va. Wesleyan         |   3 | 0.760 | 0.904 | 1.190 | 0.770
 541 | Saint Leo            |   2 | 0.759 | 0.967 | 1.273 | 0.896
 542 | Academy of Art       |   2 | 0.759 | 0.910 | 1.199 | 0.905
 543 | California (PA)      |   2 | 0.758 | 0.906 | 1.195 | 0.919
 544 | P.R.-Bayamon         |   2 | 0.758 | 0.853 | 1.124 | 0.891
 545 | Dominican (NY)       |   2 | 0.757 | 0.805 | 1.063 | 0.879
 546 | Seton Hill           |   2 | 0.757 | 0.950 | 1.255 | 0.906
 547 | St. Cloud St.        |   2 | 0.757 | 0.882 | 1.164 | 0.908
 548 | Wooster              |   3 | 0.757 | 0.917 | 1.211 | 0.772
 549 | Southern Nazarene    |   2 | 0.757 | 0.935 | 1.234 | 0.894
 550 | Concordia Portland   |   2 | 0.756 | 0.897 | 1.188 | 0.929
 551 | Albany St. (GA)      |   2 | 0.755 | 0.887 | 1.174 | 0.934
 552 | Lander               |   2 | 0.754 | 0.865 | 1.148 | 0.875
 553 | Henderson St.        |   2 | 0.754 | 0.895 | 1.187 | 0.901
 554 | N.M. Highlands       |   2 | 0.754 | 0.888 | 1.177 | 0.913
 555 | Fort Valley St.      |   2 | 0.753 | 0.844 | 1.121 | 0.929
 556 | Eastern N.M.         |   2 | 0.753 | 0.883 | 1.173 | 0.911
 557 | Minnesota St.        |   2 | 0.753 | 0.942 | 1.252 | 0.877
 558 | Tusculum             |   2 | 0.752 | 0.948 | 1.261 | 0.883
 559 | NYIT                 |   2 | 0.752 | 0.889 | 1.182 | 0.895
 560 | Mo.-St. Louis        |   2 | 0.751 | 0.794 | 1.057 | 0.914
 561 | Pace                 |   2 | 0.751 | 0.869 | 1.157 | 0.874
 562 | Rensselaer           |   3 | 0.750 | 0.860 | 1.147 | 0.771
 563 | Slippery Rock        |   2 | 0.750 | 0.797 | 1.063 | 0.919
 564 | Northern St.         |   2 | 0.750 | 0.949 | 1.265 | 0.914
 565 | Stevens              |   3 | 0.749 | 0.926 | 1.236 | 0.777
 566 | Wingate              |   2 | 0.748 | 0.873 | 1.166 | 0.910
 567 | McKendree            |   2 | 0.748 | 0.919 | 1.229 | 1.062
 568 | Belmont Abbey        |   2 | 0.746 | 0.936 | 1.254 | 0.874
 569 | Montevallo           |   2 | 0.745 | 0.881 | 1.182 | 0.836
 570 | Shepherd             |   2 | 0.745 | 0.824 | 1.105 | 0.891
 571 | Fayetteville St.     |   2 | 0.743 | 0.895 | 1.206 | 0.933
 572 | Queens (NY)          |   2 | 0.743 | 0.958 | 1.290 | 0.904
 573 | Yeshiva              |   3 | 0.743 | 0.895 | 1.204 | 0.777
 574 | Lees-McRae           |   2 | 0.743 | 0.912 | 1.228 | 0.921
 575 | Lyndon St.           |   3 | 0.743 | 0.882 | 1.188 | 0.777
 576 | Adams St.            |   2 | 0.743 | 0.966 | 1.300 | 0.942
 577 | Ouachita Baptist     |   2 | 0.741 | 0.883 | 1.190 | 0.847
 578 | Colorado Mesa        |   2 | 0.740 | 0.876 | 1.183 | 0.922
 579 | West Ala.            |   2 | 0.739 | 0.822 | 1.112 | 0.898
 580 | Marietta             |   3 | 0.739 | 0.934 | 1.265 | 0.817
 581 | Cal Poly Pomona      |   2 | 0.738 | 0.880 | 1.194 | 0.886
 582 | Southern Wesleyan    |   2 | 0.737 | 0.922 | 1.250 | 0.875
 583 | East Central         |   2 | 0.737 | 0.843 | 1.144 | 0.940
 584 | Armstrong St.        |   2 | 0.736 | 0.934 | 1.269 | 0.898
 585 | Felician             |   2 | 0.736 | 0.889 | 1.208 | 0.889
 586 | Central St. (OH)     |   2 | 0.735 | 0.873 | 1.189 | 0.899
 587 | Beloit               |   3 | 0.734 | 0.838 | 1.141 | 0.778
 588 | Lee                  |   2 | 0.734 | 0.889 | 1.210 | 0.886
 589 | UIndy                |   2 | 0.734 | 0.860 | 1.172 | 0.881
 590 | American Int'l       |   2 | 0.733 | 0.821 | 1.121 | 0.907
 591 | St. John Fisher      |   3 | 0.733 | 0.915 | 1.248 | 0.784
 592 | Flagler              |   2 | 0.733 | 0.868 | 1.183 | 0.881
 593 | Lincoln (PA)         |   2 | 0.733 | 0.917 | 1.252 | 0.926
 594 | Drury                |   2 | 0.733 | 0.866 | 1.182 | 0.839
 595 | Anderson (SC)        |   2 | 0.733 | 0.860 | 1.173 | 0.890
 596 | Okla. Christian      |   2 | 0.732 | 0.900 | 1.229 | 0.916
 597 | Grand Valley St.     |   2 | 0.731 | 0.806 | 1.103 | 0.894
 598 | Emerson              |   3 | 0.731 | 0.866 | 1.184 | 0.839
 599 | Chris. Newport       |   3 | 0.730 | 0.812 | 1.113 | 0.778
 600 | IIT                  |   3 | 0.730 | 0.928 | 1.271 | 0.951
 601 | Elizabeth City St.   |   2 | 0.729 | 0.885 | 1.213 | 0.939
 602 | Trinity (TX)         |   3 | 0.728 | 0.840 | 1.153 | 0.781
 603 | Keene St.            |   3 | 0.727 | 0.866 | 1.190 | 0.783
 604 | Oakland City         |   2 | 0.727 | 0.889 | 1.223 | 0.883
 605 | South Dakota Mines   |   2 | 0.726 | 0.877 | 1.208 | 0.904
 606 | Stanislaus St.       |   2 | 0.726 | 0.841 | 1.159 | 0.874
 607 | Dixie St.            |   2 | 0.726 | 0.838 | 1.154 | 0.895
 608 | Dubuque              |   3 | 0.725 | 0.889 | 1.227 | 0.787
 609 | William Peace        |   3 | 0.725 | 0.867 | 1.196 | 0.861
 610 | Minot St.            |   2 | 0.725 | 0.915 | 1.262 | 0.897
 611 | Buffalo St.          |   3 | 0.725 | 0.886 | 1.222 | 0.786
 612 | Holy Family          |   2 | 0.725 | 0.928 | 1.279 | 0.902
 613 | Roberts Wesleyan     |   2 | 0.724 | 0.900 | 1.243 | 0.887
 614 | Emory & Henry        |   3 | 0.722 | 0.853 | 1.182 | 0.778
 615 | Tiffin               |   2 | 0.722 | 0.901 | 1.247 | 0.881
 616 | Cal St. Monterey Bay |   2 | 0.721 | 0.912 | 1.265 | 0.872
 617 | Saint Michael's      |   2 | 0.720 | 0.940 | 1.307 | 0.921
 618 | Alabama A&M          |   1 | 0.720 | 0.856 | 1.189 | 1.051
 619 | Messiah              |   3 | 0.720 | 0.866 | 1.203 | 0.768
 620 | Shenandoah           |   3 | 0.718 | 0.834 | 1.162 | 0.877
 621 | Plymouth St.         |   3 | 0.718 | 0.825 | 1.148 | 0.807
 622 | Albright             |   3 | 0.718 | 0.867 | 1.208 | 0.789
 623 | Chestnut Hill        |   2 | 0.718 | 0.877 | 1.221 | 0.910
 624 | Babson               |   3 | 0.717 | 0.918 | 1.281 | 0.814
 625 | Greenville           |   3 | 0.717 | 0.986 | 1.376 | 0.798
 626 | Lake Erie            |   2 | 0.717 | 0.907 | 1.265 | 0.910
 627 | LeMoyne-Owen         |   2 | 0.717 | 0.953 | 1.330 | 0.923
 628 | Francis Marion       |   2 | 0.716 | 0.793 | 1.108 | 0.914
 629 | Cal St. East Bay     |   2 | 0.716 | 0.896 | 1.251 | 0.864
 630 | Minn.-Crookston      |   2 | 0.715 | 0.845 | 1.181 | 0.873
 631 | Tampa                |   2 | 0.711 | 0.848 | 1.192 | 0.885
 632 | Louisiana Col.       |   3 | 0.711 | 0.851 | 1.197 | 0.941
 633 | Upper Iowa           |   2 | 0.711 | 0.850 | 1.195 | 0.917
 634 | Muskingum            |   3 | 0.711 | 0.835 | 1.174 | 0.847
 635 | Plattsburgh St.      |   3 | 0.710 | 0.866 | 1.220 | 0.793
 636 | Lynn                 |   2 | 0.709 | 0.878 | 1.239 | 0.942
 637 | Mount Olive          |   2 | 0.709 | 0.892 | 1.258 | 0.923
 638 | Wis.-Stout           |   3 | 0.708 | 0.850 | 1.202 | 0.894
 639 | Salem St.            |   3 | 0.708 | 0.880 | 1.244 | 0.795
 640 | Sioux Falls          |   2 | 0.707 | 0.935 | 1.322 | 0.882
 641 | Sul Ross St.         |   3 | 0.707 | 0.903 | 1.278 | 0.854
 642 | AUM                  |   2 | 0.707 | 0.809 | 1.146 | 0.912
 643 | Dominican (CA)       |   2 | 0.707 | 0.801 | 1.132 | 0.915
 644 | USciences            |   2 | 0.706 | 0.797 | 1.130 | 0.912
 645 | Southwestern Okla.   |   2 | 0.705 | 0.840 | 1.190 | 0.940
 646 | Fort Hays St.        |   2 | 0.704 | 0.843 | 1.198 | 0.895
 647 | Barton               |   2 | 0.704 | 0.870 | 1.235 | 0.923
 648 | Salisbury            |   3 | 0.704 | 0.808 | 1.149 | 0.791
 649 | Macalester           |   3 | 0.703 | 0.876 | 1.246 | 0.797
 650 | RIT                  |   3 | 0.702 | 0.902 | 1.285 | 0.800
 651 | Hiram                |   3 | 0.702 | 0.879 | 1.251 | 0.798
 652 | P.R.-Mayaguez        |   2 | 0.702 | 0.881 | 1.255 | 0.888
 653 | Chatham              |   3 | 0.701 | 0.842 | 1.201 | 0.795
 654 | Carleton             |   3 | 0.701 | 0.853 | 1.217 | 0.796
 655 | Claflin              |   2 | 0.701 | 0.896 | 1.278 | 0.919
 656 | MIT                  |   3 | 0.701 | 0.816 | 1.164 | 0.793
 657 | Salem Int'l          |   2 | 0.700 | 0.971 | 1.388 | 0.908
 658 | BYU-Hawaii           |   2 | 0.700 | 0.836 | 1.195 | 0.895
 659 | Baldwin Wallace      |   3 | 0.700 | 0.882 | 1.259 | 0.799
 660 | Swarthmore           |   3 | 0.700 | 0.804 | 1.150 | 0.793
 661 | Spring Hill          |   2 | 0.699 | 0.822 | 1.176 | 0.940
 662 | UMass Boston         |   3 | 0.699 | 0.867 | 1.241 | 0.799
 663 | Mars Hill            |   2 | 0.699 | 0.877 | 1.256 | 0.898
 664 | Wartburg             |   3 | 0.698 | 0.960 | 1.375 | 0.806
 665 | Hobart               |   3 | 0.698 | 0.835 | 1.197 | 0.796
 666 | Northeastern St.     |   2 | 0.697 | 0.805 | 1.155 | 0.903
 667 | McDaniel             |   3 | 0.697 | 0.814 | 1.168 | 0.795
 668 | Mt. St. Joseph       |   3 | 0.697 | 0.774 | 1.111 | 0.792
 669 | Springfield          |   3 | 0.693 | 0.851 | 1.228 | 0.801
 670 | Hardin-Simmons       |   3 | 0.692 | 0.919 | 1.327 | 0.836
 671 | Pacific Lutheran     |   3 | 0.692 | 0.855 | 1.235 | 0.932
 672 | Ill. Wesleyan        |   3 | 0.692 | 0.840 | 1.215 | 0.786
 673 | Thiel                |   3 | 0.690 | 0.854 | 1.237 | 0.846
 674 | Simpson              |   3 | 0.690 | 0.834 | 1.208 | 0.801
 675 | Cal St. L.A.         |   2 | 0.690 | 0.866 | 1.255 | 0.891
 676 | Trevecca Nazarene    |   2 | 0.689 | 0.809 | 1.174 | 0.903
 677 | Skidmore             |   3 | 0.689 | 0.829 | 1.203 | 0.801
 678 | Saint John's (MN)    |   3 | 0.688 | 0.877 | 1.275 | 0.806
 679 | Hamline              |   3 | 0.688 | 0.874 | 1.271 | 0.805
 680 | Newman               |   2 | 0.688 | 0.847 | 1.231 | 0.889
 681 | Mary Washington      |   3 | 0.687 | 0.862 | 1.254 | 0.805
 682 | Wis.-River Falls     |   3 | 0.687 | 0.830 | 1.209 | 0.802
 683 | Western St.          |   2 | 0.687 | 0.818 | 1.191 | 1.034
 684 | Pomona-Pitzer        |   3 | 0.687 | 0.857 | 1.246 | 0.979
 685 | Northwest Nazarene   |   2 | 0.686 | 0.800 | 1.167 | 1.084
 686 | Southwestern (TX)    |   3 | 0.686 | 0.918 | 1.339 | 0.894
 687 | Eureka               |   3 | 0.685 | 0.900 | 1.312 | 0.863
 688 | SUNY Geneseo         |   3 | 0.684 | 0.835 | 1.220 | 0.804
 689 | Rochester (NY)       |   3 | 0.684 | 0.889 | 1.300 | 0.808
 690 | Cabrini              |   3 | 0.683 | 0.841 | 1.230 | 0.805
 691 | Wm. Paterson         |   3 | 0.683 | 0.844 | 1.235 | 0.806
 692 | Pine Manor           |   3 | 0.683 | 0.911 | 1.333 | 0.814
 693 | Occidental           |   3 | 0.683 | 0.785 | 1.149 | 0.742
 694 | Manhattanville       |   3 | 0.683 | 0.833 | 1.220 | 0.805
 695 | Mary                 |   2 | 0.683 | 0.801 | 1.173 | 0.929
 696 | Roger Williams       |   3 | 0.683 | 0.839 | 1.230 | 0.805
 697 | York (PA)            |   3 | 0.682 | 0.776 | 1.138 | 0.801
 698 | Bemidji St.          |   2 | 0.682 | 0.761 | 1.117 | 0.924
 699 | Texas-Tyler          |   3 | 0.682 | 0.841 | 1.234 | 0.878
 700 | TCNJ                 |   3 | 0.682 | 0.827 | 1.212 | 0.786
 701 | WPI                  |   3 | 0.682 | 0.825 | 1.210 | 0.805
 702 | Mo. Western St.      |   2 | 0.682 | 0.826 | 1.212 | 0.892
 703 | Ferrum               |   3 | 0.682 | 0.791 | 1.161 | 0.888
 704 | Hood                 |   3 | 0.682 | 0.800 | 1.173 | 0.881
 705 | Neb. Wesleyan        |   3 | 0.681 | 0.888 | 1.304 | 0.894
 706 | Lycoming             |   3 | 0.680 | 0.837 | 1.231 | 0.807
 707 | Hartwick             |   3 | 0.680 | 0.897 | 1.319 | 0.812
 708 | Clarion              |   2 | 0.679 | 0.799 | 1.176 | 0.926
 709 | Neumann              |   3 | 0.679 | 0.927 | 1.364 | 0.814
 710 | Malone               |   2 | 0.679 | 0.837 | 1.233 | 0.972
 711 | Ill.-Springfield     |   2 | 0.679 | 0.810 | 1.194 | 0.885
 712 | Gordon               |   3 | 0.679 | 0.846 | 1.246 | 0.808
 713 | Georgian Court       |   2 | 0.678 | 0.832 | 1.227 | 0.879
 714 | Westminster (MO)     |   3 | 0.677 | 0.835 | 1.233 | 0.842
 715 | Southwest Baptist    |   2 | 0.677 | 0.820 | 1.213 | 0.862
 716 | East Tex. Baptist    |   3 | 0.676 | 0.867 | 1.282 | 0.815
 717 | Salve Regina         |   3 | 0.676 | 0.836 | 1.238 | 0.983
 718 | Central (IA)         |   3 | 0.676 | 0.900 | 1.332 | 0.814
 719 | Berry                |   3 | 0.676 | 0.808 | 1.196 | 0.807
 720 | Augustana (IL)       |   3 | 0.676 | 0.832 | 1.231 | 0.809
 721 | Lesley               |   3 | 0.676 | 0.837 | 1.238 | 0.866
 722 | Miles                |   2 | 0.675 | 0.874 | 1.296 | 0.916
 723 | Johnson St.          |   3 | 0.674 | 0.790 | 1.172 | 0.806
 724 | New England Col.     |   3 | 0.674 | 0.890 | 1.320 | 0.814
 725 | Maryville (MO)       |   2 | 0.673 | 0.830 | 1.232 | 0.865
 726 | Concordia-M'head     |   3 | 0.672 | 0.822 | 1.222 | 0.841
 727 | Franklin             |   3 | 0.671 | 0.854 | 1.272 | 0.813
 728 | Minn.-Morris         |   3 | 0.671 | 0.830 | 1.238 | 0.899
 729 | Washington-St. Louis |   3 | 0.670 | 0.777 | 1.159 | 0.829
 730 | Lebanon Valley       |   3 | 0.670 | 0.859 | 1.283 | 0.958
 731 | St. Lawrence         |   3 | 0.670 | 0.871 | 1.300 | 0.815
 732 | LIU Post             |   2 | 0.669 | 0.864 | 1.292 | 0.882
 733 | Denison              |   3 | 0.669 | 0.881 | 1.317 | 0.816
 734 | Elizabethtown        |   3 | 0.669 | 0.835 | 1.248 | 0.813
 735 | Misericordia         |   3 | 0.669 | 0.897 | 1.342 | 0.818
 736 | Post                 |   2 | 0.668 | 0.805 | 1.206 | 0.915
 737 | Piedmont             |   3 | 0.668 | 0.853 | 1.278 | 0.975
 738 | Houghton             |   3 | 0.668 | 0.850 | 1.272 | 0.815
 739 | Allegheny            |   3 | 0.668 | 0.789 | 1.181 | 0.809
 740 | Pittsburg St.        |   2 | 0.668 | 0.853 | 1.276 | 0.881
 741 | Guilford             |   3 | 0.667 | 0.791 | 1.187 | 0.830
 742 | Concordia (NY)       |   2 | 0.667 | 0.875 | 1.312 | 0.920
 743 | Hilbert              |   3 | 0.667 | 0.816 | 1.223 | 0.812
 744 | Adrian               |   3 | 0.666 | 0.842 | 1.264 | 0.979
 745 | Clark (MA)           |   3 | 0.666 | 0.837 | 1.257 | 0.815
 746 | Alderson Broaddus    |   2 | 0.665 | 0.808 | 1.214 | 0.897
 747 | Framingham St.       |   3 | 0.665 | 0.830 | 1.248 | 0.815
 748 | Simon Fraser         |   2 | 0.665 | 0.820 | 1.232 | 0.917
 749 | Norwich              |   3 | 0.664 | 0.809 | 1.219 | 0.845
 750 | Southern Me.         |   3 | 0.663 | 0.822 | 1.239 | 0.815
 751 | Brandeis             |   3 | 0.662 | 0.855 | 1.292 | 0.819
 752 | Coe                  |   3 | 0.662 | 0.769 | 1.161 | 0.936
 753 | St. Olaf             |   3 | 0.662 | 0.777 | 1.174 | 0.812
 754 | Tuskegee             |   2 | 0.661 | 0.772 | 1.167 | 0.901
 755 | North Park           |   3 | 0.661 | 0.870 | 1.315 | 0.820
 756 | Wells                |   3 | 0.660 | 0.815 | 1.235 | 0.817
 757 | Northwood            |   2 | 0.660 | 0.792 | 1.200 | 0.905
 758 | Wis. Lutheran        |   3 | 0.660 | 0.821 | 1.245 | 0.817
 759 | Dallas               |   3 | 0.660 | 0.845 | 1.281 | 0.819
 760 | Alma                 |   3 | 0.659 | 0.834 | 1.265 | 0.819
 761 | Elmhurst             |   3 | 0.657 | 0.907 | 1.382 | 0.826
 762 | Wash. & Lee          |   3 | 0.657 | 0.835 | 1.271 | 0.847
 763 | Redlands             |   3 | 0.656 | 0.837 | 1.275 | 0.945
 764 | Penn St. Harrisburg  |   3 | 0.654 | 0.772 | 1.182 | 0.817
 765 | Trine                |   3 | 0.653 | 0.794 | 1.215 | 0.819
 766 | Lynchburg            |   3 | 0.653 | 0.790 | 1.210 | 0.818
 767 | Benedict             |   2 | 0.653 | 0.738 | 1.130 | 0.939
 768 | Muhlenberg           |   3 | 0.653 | 0.848 | 1.299 | 0.824
 769 | Vassar               |   3 | 0.653 | 0.804 | 1.231 | 0.820
 770 | Greensboro           |   3 | 0.652 | 0.769 | 1.180 | 0.876
 771 | Lehman               |   3 | 0.652 | 0.853 | 1.309 | 0.824
 772 | Wentworth            |   3 | 0.651 | 0.769 | 1.180 | 0.814
 773 | Mary Hardin-Baylor   |   3 | 0.650 | 0.856 | 1.317 | 0.826
 774 | Thomas (ME)          |   3 | 0.650 | 0.832 | 1.281 | 0.824
 775 | St. Norbert          |   3 | 0.650 | 0.801 | 1.231 | 0.821
 776 | Webster              |   3 | 0.649 | 0.790 | 1.218 | 0.851
 777 | Thomas More          |   3 | 0.649 | 0.850 | 1.309 | 0.826
 778 | Maine Maritime       |   3 | 0.648 | 0.814 | 1.256 | 0.823
 779 | Wheelock             |   3 | 0.648 | 0.778 | 1.201 | 0.820
 780 | Cairn                |   3 | 0.647 | 0.812 | 1.255 | 0.978
 781 | Covenant             |   3 | 0.646 | 0.813 | 1.258 | 0.825
 782 | Morrisville St.      |   3 | 0.646 | 0.803 | 1.243 | 0.824
 783 | Maryville (TN)       |   3 | 0.646 | 0.813 | 1.258 | 0.825
 784 | Fitchburg St.        |   3 | 0.646 | 0.797 | 1.232 | 0.823
 785 | MSOE                 |   3 | 0.645 | 0.827 | 1.281 | 0.972
 786 | Transylvania         |   3 | 0.644 | 0.846 | 1.314 | 0.829
 787 | Loras                |   3 | 0.644 | 0.898 | 1.395 | 0.833
 788 | Ozarks (AR)          |   3 | 0.644 | 0.829 | 1.289 | 1.002
 789 | Texas Lutheran       |   3 | 0.644 | 0.852 | 1.323 | 0.829
 790 | St. Mary's (MD)      |   3 | 0.643 | 0.812 | 1.262 | 0.893
 791 | Fresno Pacific       |   2 | 0.643 | 0.762 | 1.184 | 0.910
 792 | Emory                |   3 | 0.642 | 0.810 | 1.262 | 0.827
 793 | Centenary (NJ)       |   3 | 0.642 | 0.781 | 1.218 | 0.825
 794 | Centre               |   3 | 0.642 | 0.810 | 1.262 | 0.827
 795 | Nichols              |   3 | 0.641 | 0.826 | 1.289 | 0.829
 796 | SUNY Maritime        |   3 | 0.641 | 0.846 | 1.319 | 0.830
 797 | Rutgers-Newark       |   3 | 0.641 | 0.781 | 1.218 | 0.825
 798 | Utica                |   3 | 0.640 | 0.799 | 1.248 | 0.827
 799 | Schreiner            |   3 | 0.640 | 0.816 | 1.276 | 0.882
 800 | Colby-Sawyer         |   3 | 0.640 | 0.838 | 1.310 | 0.837
 801 | Moravian             |   3 | 0.640 | 0.839 | 1.311 | 0.831
 802 | St. Joseph's (ME)    |   3 | 0.639 | 0.808 | 1.264 | 0.828
 803 | Rhode Island Col.    |   3 | 0.639 | 0.791 | 1.239 | 0.827
 804 | Ohio Valley          |   2 | 0.635 | 0.801 | 1.262 | 0.972
 805 | Wis.-Eau Claire      |   3 | 0.635 | 0.791 | 1.245 | 0.829
 806 | Eastern Nazarene     |   3 | 0.634 | 0.769 | 1.214 | 0.828
 807 | Chicago              |   3 | 0.633 | 0.850 | 1.342 | 0.836
 808 | SUNY New Paltz       |   3 | 0.633 | 0.791 | 1.250 | 0.831
 809 | Hendrix              |   3 | 0.632 | 0.826 | 1.308 | 0.835
 810 | Linfield             |   3 | 0.631 | 0.767 | 1.215 | 0.945
 811 | Marymount (VA)       |   3 | 0.631 | 0.759 | 1.203 | 0.847
 812 | Northland            |   3 | 0.631 | 0.819 | 1.298 | 0.846
 813 | Ohio Northern        |   3 | 0.631 | 0.815 | 1.292 | 0.834
 814 | Defiance             |   3 | 0.631 | 0.780 | 1.235 | 0.831
 815 | Suffolk              |   3 | 0.631 | 0.834 | 1.322 | 0.836
 816 | SUNY Oneonta         |   3 | 0.631 | 0.812 | 1.287 | 1.006
 817 | Regis (MA)           |   3 | 0.630 | 0.817 | 1.296 | 0.815
 818 | Johns Hopkins        |   3 | 0.630 | 0.776 | 1.231 | 0.831
 819 | Susquehanna          |   3 | 0.630 | 0.869 | 1.381 | 0.840
 820 | Belhaven             |   3 | 0.630 | 0.845 | 1.342 | 0.789
 821 | Earlham              |   3 | 0.628 | 0.810 | 1.289 | 0.998
 822 | Southern Va.         |   3 | 0.628 | 0.762 | 1.214 | 0.992
 823 | Lawrence             |   3 | 0.628 | 0.801 | 1.274 | 0.835
 824 | Wash. & Jeff.        |   3 | 0.627 | 0.852 | 1.359 | 0.840
 825 | Alfred               |   3 | 0.627 | 0.793 | 1.265 | 0.835
 826 | Haverford            |   3 | 0.627 | 0.756 | 1.205 | 0.831
 827 | La Roche             |   3 | 0.627 | 0.810 | 1.292 | 0.836
 828 | Curry                |   3 | 0.627 | 0.784 | 1.252 | 0.844
 829 | Geneva               |   3 | 0.625 | 0.794 | 1.271 | 0.797
 830 | U New England        |   3 | 0.625 | 0.797 | 1.275 | 0.837
 831 | Howard Payne         |   3 | 0.625 | 0.792 | 1.267 | 1.042
 832 | Washington Col.      |   3 | 0.625 | 0.753 | 1.206 | 0.900
 833 | SUNY Potsdam         |   3 | 0.625 | 0.840 | 1.344 | 0.840
 834 | Cal Lutheran         |   3 | 0.625 | 0.836 | 1.338 | 0.851
 835 | Alfred St.           |   3 | 0.624 | 0.820 | 1.315 | 0.839
 836 | Newbury              |   3 | 0.624 | 0.802 | 1.287 | 0.838
 837 | Centenary (LA)       |   3 | 0.624 | 0.832 | 1.333 | 0.882
 838 | Lasell               |   3 | 0.624 | 0.816 | 1.308 | 0.841
 839 | Mt. St. Mary (NY)    |   3 | 0.624 | 0.784 | 1.257 | 0.993
 840 | Worcester St.        |   3 | 0.624 | 0.809 | 1.296 | 0.838
 841 | Mount Ida            |   3 | 0.623 | 0.854 | 1.371 | 0.843
 842 | Iowa Wesleyan        |   3 | 0.623 | 0.862 | 1.385 | 0.844
 843 | Brevard              |   2 | 0.623 | 0.729 | 1.172 | 0.898
 844 | Rowan                |   3 | 0.623 | 0.885 | 1.422 | 0.846
 845 | DePauw               |   3 | 0.621 | 0.820 | 1.320 | 0.841
 846 | LaGrange             |   3 | 0.621 | 0.818 | 1.318 | 0.939
 847 | Albertus Magnus      |   3 | 0.620 | 0.847 | 1.366 | 0.865
 848 | Elmira               |   3 | 0.620 | 0.785 | 1.267 | 0.839
 849 | Stevenson            |   3 | 0.620 | 0.803 | 1.294 | 0.840
 850 | Wis.-Stevens Point   |   3 | 0.619 | 0.751 | 1.212 | 0.836
 851 | Union (NY)           |   3 | 0.618 | 0.853 | 1.380 | 0.846
 852 | Frostburg St.        |   3 | 0.617 | 0.884 | 1.433 | 0.739
 853 | Penn St.-Behrend     |   3 | 0.616 | 0.790 | 1.282 | 0.851
 854 | Grove City           |   3 | 0.615 | 0.755 | 1.229 | 0.839
 855 | Notre Dame de Namur  |   2 | 0.613 | 0.728 | 1.188 | 0.888
 856 | MacMurray            |   3 | 0.613 | 0.791 | 1.289 | 0.843
 857 | Ithaca               |   3 | 0.613 | 0.839 | 1.369 | 0.848
 858 | Elms                 |   3 | 0.612 | 0.801 | 1.309 | 0.845
 859 | Huntingdon           |   3 | 0.610 | 0.765 | 1.256 | 0.844
 860 | Black Hills St.      |   2 | 0.610 | 0.743 | 1.218 | 0.904
 861 | Fredonia             |   3 | 0.610 | 0.790 | 1.296 | 0.846
 862 | Illinois Col.        |   3 | 0.609 | 0.799 | 1.312 | 0.845
 863 | Me.-Presque Isle     |   3 | 0.609 | 0.749 | 1.230 | 0.843
 864 | Grinnell             |   3 | 0.608 | 0.893 | 1.468 | 0.856
 865 | Brooklyn             |   3 | 0.608 | 0.794 | 1.306 | 0.847
 866 | LeTourneau           |   3 | 0.608 | 0.788 | 1.296 | 0.991
 867 | Wis.-Superior        |   3 | 0.608 | 0.822 | 1.352 | 0.850
 868 | Coast Guard          |   3 | 0.608 | 0.790 | 1.300 | 0.847
 869 | Eastern              |   3 | 0.607 | 0.790 | 1.302 | 0.848
 870 | Northwestern-St.Paul |   3 | 0.607 | 0.819 | 1.348 | 0.850
 871 | Hunter               |   3 | 0.606 | 0.783 | 1.291 | 0.847
 872 | East. Mennonite      |   3 | 0.606 | 0.807 | 1.332 | 0.850
 873 | Eastern Conn. St.    |   3 | 0.606 | 0.775 | 1.279 | 0.847
 874 | Medaille             |   3 | 0.605 | 0.783 | 1.293 | 0.848
 875 | Cheyney              |   2 | 0.603 | 0.774 | 1.284 | 0.950
 876 | St. Thomas (MN)      |   3 | 0.602 | 0.775 | 1.287 | 0.849
 877 | Crown (MN)           |   3 | 0.601 | 0.780 | 1.297 | 1.029
 878 | Castleton            |   3 | 0.600 | 0.771 | 1.285 | 0.851
 879 | Lake Forest          |   3 | 0.599 | 0.815 | 1.362 | 0.836
 880 | Monmouth (IL)        |   3 | 0.599 | 0.775 | 1.292 | 0.851
 881 | Gettysburg           |   3 | 0.599 | 0.725 | 1.210 | 0.847
 882 | Western New Eng.     |   3 | 0.599 | 0.788 | 1.315 | 0.853
 883 | D'Youville           |   3 | 0.598 | 0.829 | 1.387 | 0.857
 884 | CWRU                 |   3 | 0.596 | 0.811 | 1.359 | 0.857
 885 | Mitchell             |   3 | 0.596 | 0.798 | 1.338 | 0.856
 886 | FDU-Florham          |   3 | 0.595 | 0.768 | 1.292 | 1.009
 887 | Saint Vincent        |   3 | 0.594 | 0.805 | 1.355 | 0.858
 888 | Carnegie Mellon      |   3 | 0.594 | 0.731 | 1.230 | 0.816
 889 | Knox                 |   3 | 0.594 | 0.894 | 1.504 | 0.865
 890 | Lakeland             |   3 | 0.593 | 0.813 | 1.369 | 0.819
 891 | North Central (MN)   |   3 | 0.593 | 0.801 | 1.351 | 0.858
 892 | Bethany Lutheran     |   3 | 0.592 | 0.780 | 1.318 | 0.857
 893 | Keuka                |   3 | 0.592 | 0.766 | 1.294 | 0.856
 894 | Wilson               |   3 | 0.590 | 0.746 | 1.264 | 0.855
 895 | Franciscan           |   3 | 0.590 | 0.769 | 1.304 | 0.857
 896 | UMass Dartmouth      |   3 | 0.589 | 0.800 | 1.357 | 0.861
 897 | Bridgewater St.      |   3 | 0.587 | 0.743 | 1.266 | 0.857
 898 | Penn St.-Abington    |   3 | 0.586 | 0.733 | 1.250 | 0.856
 899 | Clarkson             |   3 | 0.585 | 0.783 | 1.337 | 0.862
 900 | Wilmington (OH)      |   3 | 0.584 | 0.706 | 1.208 | 0.855
 901 | Goucher              |   3 | 0.583 | 0.733 | 1.256 | 0.858
 902 | Randolph             |   3 | 0.581 | 0.753 | 1.295 | 0.870
 903 | Penn St.-Berks       |   3 | 0.579 | 0.774 | 1.338 | 0.866
 904 | Millsaps             |   3 | 0.579 | 0.753 | 1.302 | 0.875
 905 | Principia            |   3 | 0.578 | 0.777 | 1.344 | 0.905
 906 | John Jay             |   3 | 0.575 | 0.722 | 1.256 | 0.896
 907 | Rockford             |   3 | 0.575 | 0.787 | 1.369 | 0.869
 908 | Dominican (IL)       |   3 | 0.575 | 0.800 | 1.390 | 0.850
 909 | Pitt.-Bradford       |   3 | 0.574 | 0.784 | 1.365 | 0.870
 910 | SUNY Poly            |   3 | 0.571 | 0.803 | 1.406 | 0.874
 911 | Southern Vt.         |   3 | 0.570 | 0.762 | 1.336 | 0.871
 912 | Nazareth             |   3 | 0.569 | 0.695 | 1.223 | 0.879
 913 | Texas-Dallas         |   3 | 0.566 | 0.736 | 1.301 | 0.871
 914 | Rivier               |   3 | 0.563 | 0.766 | 1.362 | 0.866
 915 | Randolph-Macon       |   3 | 0.561 | 0.707 | 1.261 | 0.872
 916 | Sewanee              |   3 | 0.561 | 0.740 | 1.319 | 0.902
 917 | Kenyon               |   3 | 0.560 | 0.772 | 1.380 | 0.902
 918 | CCNY                 |   3 | 0.560 | 0.771 | 1.377 | 0.879
 919 | Marian (WI)          |   3 | 0.560 | 0.727 | 1.297 | 0.874
 920 | MCLA                 |   3 | 0.559 | 0.760 | 1.360 | 0.879
 921 | Kean                 |   3 | 0.559 | 0.794 | 1.420 | 0.882
 922 | Oberlin              |   3 | 0.552 | 0.777 | 1.408 | 0.886
 923 | Cobleskill St.       |   3 | 0.550 | 0.731 | 1.329 | 0.883
 924 | Methodist            |   3 | 0.548 | 0.762 | 1.391 | 0.888
 925 | Oswego St.           |   3 | 0.547 | 0.719 | 1.315 | 0.783
 926 | Clarks Summit        |   3 | 0.544 | 0.757 | 1.391 | 0.893
 927 | St. Joseph's (L.I.)  |   3 | 0.539 | 0.750 | 1.391 | 0.893
 928 | Sarah Lawrence       |   3 | 0.536 | 0.704 | 1.313 | 1.025
 929 | Penn St.-Altoona     |   3 | 0.533 | 0.764 | 1.433 | 0.826
 930 | Emmanuel (MA)        |   3 | 0.530 | 0.752 | 1.418 | 0.839
 931 | Luther               |   3 | 0.524 | 0.664 | 1.266 | 0.896
 932 | Martin Luther        |   3 | 0.520 | 0.704 | 1.354 | 0.904
 933 | Immaculata           |   3 | 0.520 | 0.678 | 1.303 | 0.901
 934 | Bridgewater (VA)     |   3 | 0.516 | 0.704 | 1.364 | 0.974
 935 | Olivet               |   3 | 0.510 | 0.681 | 1.336 | 0.910
 936 | Caltech              |   3 | 0.503 | 0.612 | 1.216 | 0.903
 937 | York (NY)            |   3 | 0.503 | 0.679 | 1.350 | 0.915
 938 | Mount Aloysius       |   3 | 0.499 | 0.743 | 1.491 | 0.852
(938 rows)

COMMIT
