BEGIN
CREATE TABLE
COPY 83
CREATE TABLE
INSERT 0 102396
 game_id 
---------
 3710326
 3520726
 3689264
 3517185
 3515722
 3644833
 3666584
 3589044
 3648464
 3540004
 3540004
 3509965
 3573871
 3512284
 3713764
 3769924
 3515778
 3515778
 3515778
 3515778
 3515778
 3515778
 3515778
 3515778
 3515778
 3515778
 3515778
 3515778
 3549566
 3518258
 3517564
 3622344
 3684430
 3685846
 3791282
 3604764
 3512426
 3514822
 3665824
 3541824
 3541824
 3515788
 3515788
 3515788
 3515788
 3515788
 3748704
 3756464
 3714624
 3756464
 3793528
 3629250
 3607404
 3688316
 3613092
 3556165
 3723964
 3799375
 3512988
 3702908
 3597530
 3681138
 3665808
 3730833
 3512355
 3795276
 3539765
 3709813
 3757697
 3788791
 3621704
 3658524
 3643884
 3515778
 3515778
 3515778
 3515778
 3515778
 3515778
 3512270
 3512284
 3512413
 3642324
 3547444
 3716365
 3547444
 3518303
 3547444
 3790729
 3547444
 3724229
 3651404
 3518135
 3513647
 3539682
 3658280
 3556632
 3514769
 3793664
 3512270
 3749136
 3544904
 3797598
 3667084
(104 rows)

COMMIT
